129: [[3, 4]],
139: [[0, 1, 3, 4]],
173: [[2]],
188: [[0, 3, 4]],
193: [[0, 1, 2], [3, 4]],
206: [[2]],
211: [[0, 2, 3]],
213: [[2]],
230: [[0, 1, 2, 4]],
236: [[0]],
260: [[1, 3]],
285: [[0, 1, 2], [3, 4]],
291: [[0, 1, 2, 3]],
300: [[1, 2, 3]],
309: [[0, 1, 2, 3]],
320: [[0, 1, 3, 4]],
361: [[0, 1, 2, 4]],
384: [[3, 4]],
398: [[0, 3]],
402: [[0, 1, 4]],
403: [[2]],
418: [[0, 3]],
453: [[1, 2, 3, 4]],
479: [[1, 4]],
496: [[2, 3]],
517: [[1, 3, 4]],
546: [[0, 2, 3, 4], [1]],
568: [[2, 3]],
575: [[0, 1, 2, 3]],
583: [[0, 3, 4], [1, 2]],
596: [[0, 2, 3]],
603: [[0], [1, 2, 3], [4]],
604: [[0, 2, 3, 4]],
612: [[1, 4]],
618: [[1, 2, 3, 4]],
619: [[0, 2, 3, 4]],
634: [[0, 1]],
651: [[0, 1, 3, 4]],
653: [[1, 3, 4]],
661: [[0, 3], [1, 2, 4]],
662: [[1]],
683: [[1, 2]],
696: [[0, 2, 3, 4]],
698: [[0, 1, 4], [2, 3]],
716: [[0, 3, 4], [1, 2]],
773: [[3]],
796: [[0, 3]],
1826: [[4]],
1861: [[4]]
927: [[0, 1, 2, 3], [4]],