 19: [[19]],
 22: [[3, 5, 9, 10, 12, 14, 15, 17]],
 26: [[0, 1, 2, 5, 6, 7, 8, 9, 11, 12, 14, 15, 19]],
 32: [[1, 3, 4, 5, 8, 9, 14, 15, 16, 17, 18], [2, 6, 7, 19]],
 34: [[0, 1, 2, 3, 4, 7, 8, 9, 10, 11, 12, 13, 14, 15, 16, 17, 18, 19]],
 40: [[0, 1, 2, 3, 6, 7, 8, 9, 10, 12, 13, 16, 18, 19], [15, 17]],
 43: [[0, 1, 2, 5, 6, 7, 8, 9, 10, 11, 12, 13, 14, 15, 16, 17, 18, 19]],
 47: [[0, 1, 2, 3, 4, 5, 6, 7, 8, 11, 12, 13, 14, 15, 16, 17, 18, 19]],
 57: [[14, 18]],
 64: [[0, 1, 2, 3, 5, 6, 7, 8, 9, 13, 14, 17, 18]],
 76: [[2, 15, 19]],
 77: [[0, 1, 2, 4, 5, 7, 9, 11, 12, 13, 14, 16, 17, 18, 19], [3, 6, 8, 10, 15]],
 81: [[0, 1, 2, 3, 4, 5, 6, 7, 8, 9, 10, 11, 13, 14, 15, 16, 17, 18, 19]],
 83: [[0, 1, 2, 4, 6, 7, 9, 10, 11, 13, 14, 15, 16, 17, 18, 19], [3]],
 90: [[6, 12, 15]],
 95: [[2, 3, 4, 5, 9, 11, 12, 13, 15, 18]],
 111: [[0, 2, 3, 4, 5, 6, 7, 8, 9, 11, 12, 13, 14, 15, 16, 17, 18, 19]],
 120: [[1], [2, 3, 4, 5, 6, 7, 8, 9, 12, 13, 14, 15, 17], [10, 18], [11, 19]],
 124: [[0, 1, 2, 4, 5, 6, 8, 9, 16, 17, 18]],
 136: [[2, 9, 11, 12, 13, 17]],
 142: [[1, 4, 5, 6, 10, 11, 12, 15]],
 147: [[2, 5, 8, 10, 11, 13, 17]],
 150: [[0, 1, 2, 3, 4, 5, 6, 7, 8, 9, 10, 11, 12, 13, 16, 17, 18, 19]],
 174: [[0, 1, 2, 3, 4, 6, 7, 8, 9, 10, 11, 15, 16, 18, 19]],
 183: [[0, 2, 3, 4, 6, 7, 8, 10, 13, 14, 15, 17, 18, 19]],
